0001
0002
0003
0004
0005
0006
0007
0008
0009
0011
0012
0013
0014
0015
0016
0017
0018
0019
0020
0021
0022
0023
0024
0025
0026
0029
0030
0031
0032
0033
0034
0035
0036
0037
0038
0039
0040
0041
0043
0045
0047
0048
0049
0050
0051
0053
0054
0055
0056
0058
0059
0060
0061
0062
0063
0064
0065
0066
0067
0068
0069
0071
0072
0075
0076
0077
0078
0080
0082
0084
0085
0086
0089
0090
0091
0093
0094
0095
0096
0099
0100
0101
0103
0104
0105
0106
0107
0108
0109
0110
0112
0113
0114
0115
0116
0117
0118
0120
0121
0122
0124
0125
0127
0130
0131
0132
0133
0134
0135
0136
0137
0138
0139
0140
0141
0143
0145
0146
0147
0148
0149
0150
0151
0152
0154
0155
0156
0157
0158
0160
0161
0163
0164
0165
0166
0167
0168
0169
0170
0171
0172
0173
0174
0175
0176
0178
0179
0180
0182
0183
0184
0185
0188
0189
0190
0192
0194
0195
0196
0197
0199
0201
0202
0203
0204
0205
0207
0208
0209
0210
0211
0212
0213
0214
0215
0216
0217
0218
0219
0220
0221
0222
0223
0224
0225
0226
0227
0228
0229
0232
0234
0235
0236
